review_id,author,rating,text
Ci9DQUlRQUNvZENodHljRjlvT2pWNmN6TTFSVTlVZUhoZlUyaENUSGs1YW5KM2JWRRAB,A B C Traveller,5,"Very good dining experience. We arrived at 8 PM and there is no queue at all. The food is great. The service is good. Staff helped us to frill the meat all the way, we did not even have to do it ourselves. The condiments are great, they give free flow. We paid about 4000+ for everything, it is a little overpriced. We enjoyed our dinner. This branch is as good as other branches. Recommended for tourists that love korean grill."
Ci9DQUlRQUNvZENodHljRjlvT25GWldtTkdka1ZVTFdWZk5IVmpaV2hsVEZoblJHYxAB,Sira Wongsa,5,"อร่อยสุดๆ ไปเลย พนักงานบริการดี
อย่าลืมมาก่อน 23:00 น นะครับเพราะว่าร้านปิด 5 ทุ่ม"
Ci9DQUlRQUNvZENodHljRjlvT2xoWldsWTNSamxZVjJwRmVqWklaa2hvYUhSMVkwRRAB,Tony Khoo,2,Firstly this place is really expensive. Ordered 2 bbq meat. They don’t even provide lettuce and have to pay for it. The Bachan selection is limited. The sundubu taste really awful. Worst I ever eaten in a Korean restaurant. Steam egg is decent. Paid almost 3k for this. Do not recommend.
ChZDSUhNMG9nS0VJQ0FnTURvczhDMGJnEAE,A* Luo,1,"The food was decent, but the overall experience was disappointing. The music was too loud, the staff rushed us to pay right after ordering, and their attitude was unfriendly. They grilled our meat until it was nearly burnt and even changed the smoke attachment while we were still eating. For the high prices they charge, the service and quality definitely didn’t live up to expectations"
ChdDSUhNMG9nS0VJQ0FnTURvcy0tMXFRRRAB,Baannatthai Garden,5,อาหารเกาหลี รสชาติอร่อย มีน่ำจิ้มหลากหลาย พนักงานบริการปรุงอาหารหรือย่างหมู ให้เสร็จสรรพ พร้อมรับประทานได้ทันที
ChZDSUhNMG9nS0VJQ0FnSUNIajllcEp3EAE,Chadadar R.,5,ชอบกินปูดองมากกแบบมากๆ สาขานี้เพิ่งเคยทานครั้งแรก ปูสดหวานมากๆ บรรยากาศในร้านแออัดไปนิดนึงเพราะเนื้อที่เล็กด้วยเลยดูอึดอัดไปหมด แต่อาหารดี💖💖💖
ChZDSUhNMG9nS0VJQ0FnSUNIcTluN1J3EAE,บ้านลาว By คุณนง,4,"ไปทานมาเมื่อวาน รสชาติอร่อยเหมือนเดิม เหมือนร้านจะปรับปรุงและตกแต่งใหม่หรือเปล่าไม่แน่ใจค่ะ เพราะว่าไม่ได้นานแล้วบรรยากาศดูสดใส ตกแต่งร้านได้ดี

✅การบริการของพนักงานดีเหมือนเดิมใส่ใจลูกค้าที่ตัวเองดูแลดีมากๆ

*แต่ราคาค่อนข้างสูงไปหน่อย*"
Ci9DQUlRQUNvZENodHljRjlvT25oNGJGSm9ORzlxWTIxUVEwY3haVU5DVW5WNWFuYxAB,natthartath thongcharoen,1,เจอยางในอาหาร ส่งให้พนักงานดู พนักงานเป็นต่างด้าวทั้งร้านช่วยอะไรไม่ได้เลย ไม่มีคนเดินมาขอโทษซักคนด้วยซ้ำ ร้านก็หายใจลำบากร้อนไปหมด ที่ดูดควันก็อ่อนแอมากๆ สรุป ค่าอาหาร 2 พันกว่าบาท หายใจไม่ออก ได้กินยาง คุยกับพนักงานไม่รู้เรื่อง
ChZDSUhNMG9nS0VJQ0FnSURoanFfMWZnEAE,Thanon Rujisert,4,"อาหารหลากหลาย รสชาติดี อร่อยตั้งแต่จับแช(ผัดวุ้นเส้นเกาหลี)เลย ปูดองซีอิ๊ว หอยดองซีอิ๊ว ดีงามไปซะทุกอย่าง ข้าวโพดชีสก็อร่อย ซุปกิมจิก็ดีงาม มีจูกุมิด้วย แต่ไม่เต็มรูปแบบเหมือนที่เกาหลี แต่ก็กินแก้คิดถึงจูกุมิที่เกาหลีได้ ส่วนหมูสามชั้นคืออร่อยอยู่แล้ว แต่ที่ให้คะแนนที่สุดคือ เนื้อวากิว ละมุนลิ้นดีงามมาก โดยรวมดีทุกอย่างค่ะ
ปล.หัก 1 ดาว เพราะราคาสูงไปนิด เข้าใจว่ารสชาติอาหารสมราคา แต่มื้อนึงกินทีเกือบ 7พัน มันสูงไปนิด อยากกินบ่อยๆก็กินไม่ได้ เพราะถ้ากินบ่อยๆอาจจนได้ 555+"
ChZDSUhNMG9nS0VJQ0FnSURzb2ZXMGZREAE,Chanya Udomphorn,3,"ร้านนี้ปูดองเด็ดค่ะ ไปกิน ต้องสั่งเลย
ไข่คือดีมากกกกกกก
กระดองนี่เลิฟมาก ไข่เน้นๆ
ซีอิ๊วหวานๆ กำลังดีค่ะ
จิ้มกับน้ำติ้มซีฟู๊ดด โอ้ยเลิศ
ราคา ตามคุณภาพค่ะ
ปูทะเลดอง ซีอิ๊วเกาหลี 1050.-

พวกย่างๆ ก็มี หมู มีเนื้อค่ะ
อร่อยเหมือนกัน
สั่งทั้ง สามชั้น หมูสไลด์ เนื้อ ค่ะ เรียบ
สามชั้น 225
หมูสไลด์ 255
Ribeye สไลด์ 340

รามยอนแห้ง เป็นบะหมี่เกาหลี ซอสเผ็ดๆค่ะ
ส่วนตัวชอบกินเผ็ด ก็ไม่รู้สึกเผ็ดค่ะ
แต่เพื่อนอีกคน กินเผ็ดไม่ได้เลย กินไม่ดเ้ลยค่ะ จานนี้ 555
เส้นจะกรึบๆ เหมือนลวกไม่สุก น่าจะไม่สุกแหละ แข็งด้านใน มันเป็นสไตล์ 555
ส่วนตัวเฉยๆค่ะ เมนูนี้

จับเช อร่อยค่ะ เป็นผัดวุ้นเส้นเกาหลี 220 สั่งมา 2 จาน

ข้าวผัดกิมจิชีส ก็โอเคค่ะ ถ้าคนชอบกินข้าว
ส่วนตัวว่าอรอ่ยดี แต่ไม่ได้เด็ดมาก แต่ถ้าสั่งมากินกับพวกเนื้อย่าง หมูย่าง ก็โอเคค่ะ

ร้านนี้กิมจิเติมได้ไม่อั้นค่ะ
แต่ผักสดต้องสั่ง ผักสด 60 บาทค่ะ

โดยรวมโอเคค่ะ
ราคาแล้วแต่เมนู บางเมนูรู้สึกราคาสูง บางเมนูสมราคาค่ะ"
ChdDSUhNMG9nS0VLbVR0SkNScnF6UzNRRRAB,Shin,1,"I was quite disappointed with the marinated crab. The portions were small, with barely any roe, and it didn’t justify the high price.

It felt like a tourist trap NOT WORTH the money or time."
ChZDSUhNMG9nS0VJQ0FnSURobXZMX1BREAE,NATT SK,4,"ปิ้งย่าง เกาหลี
อร่อยจริง เนื้อหมู เนื้อวัว หมัก มาดีมากกลมกล่อม
ทุกๆเมนู สั่งมาถูกใจดีครับ
น้องพนักงานทำให้หมด
ราคาแรงไปนิด แต่แลกด้วยความอร่อยครับ"
ChZDSUhNMG9nS0VJQ0FnSURTMXZMaWJBEAE,Nopporn M,4,"ปูไข่ดอง Nice to meet you สาขา Central World ร้านนี้เป็นร้านอาหารเกาหลีปิ้งย่างแบบพรีเมียม เหมาะกับมาเป็นหมู่คณะ เพื่อนฝูงเม้ามอยกัน ปิ้งไปคุยไป ย่างเองบ้าง ให้พนักงานย่างบ้าง มีหมู เนื้อ ซีฟู้ด

ปูไข่ดองอร่อยดีงามมาก แต่ตามมาด้วยราคาที่แรงเช่นกัน แต่นานๆกินทีได้อยู่

ร้านตกแต่งได้สวยงามทันสมัยชอบท่อดูดควันที่ทำด้วยทองแดงดูสวยงาม ปิ้งย่างร้านนี้เป็นแบบเกาหลีที่จะมีพนักงานมาคอยบริการปิ้งให้ มีทั้งเมนูหมูและเนื้อรวมทั้งอาหารต่างๆให้เลือกทาน ทางร้านมีเซ็ตหมูที่มีหมูมาให้สามชนิดพร้อมผัก ข้าว รวมถึงซุปเต้าหู้ที่คล้ายกับซุปกิมจิเป็นเมนูที่ประทับใจมากที่สุดในวันนี้ เพราะรสชาติเข้มข้นกลมกล่อมดีมาก กิมจิเครื่องเคียงออกรสเปรี้ยวมาก สามชั้นทางร้านรมควันมาตอนเปิดมีกลอ่นหอมแต่พอย่างไปแล้วไม่หอมขึ้นจมูกเหมือนคอนมาเสริฟ เนื้อหมูนุ่มพอสมควรแต่ไม่มากนัก คอหมูหั่นมาหนาไปหน่อยเลยเหนียวไปนิด"
ChdDSUhNMG9nS0VQYVRxcC1keEtDV3FRRRAB,Kamon.T,5,"The meat quality is good. staff is nice. Would definitely recommend if you are in the Siam area looking for a good Korean restaurant.
The price is quite expensive"
ChZDSUhNMG9nS0VJQ0FnTUNRc3BQUkZnEAE,Lena Stefanov,3,"It was our first experience with this kind of bbq. The food was very delicious and tasty but expensive. It was the most expensive meal we had in Thailand. We are glad we tried it because the taste was amazing but we wouldn’t come back. I found the staff not so kind and a little bit judgy. I was very excited to try this and I felt a strange vibe from them. Also the girl that did our bbq didn’t explain anything even though we clearly didn’t know what to do, what to try and which sauce is which. Overall if you really want to try a bbq I believe there are better places but we didn’t do some research."
ChZDSUhNMG9nS0VJQ0FnSUMtOEkyelNREAE,Kitikan K.,4,เป็นการมากินครั้งแรก เนื้อวัววากิวจิ้มเกลือนิดหน่อยคืออร่อยมาก หมูสามชั้นรมควันกินคู่กับผักอร่อยเช่นกัน ปูดองอร่อยหวานๆ แต่ต้องกินช่วงที่ปูยังเย็นๆกินแล้วจะไม่เลียน ปูสดไม่คาว กิมจิที่นี่จะเปรี้ยวมาก เครื่องเคียงเยอะ มีพนักงานคอยบริการ ราคาค่อนข้างแพง
ChZDSUhNMG9nS0VJQ0FnSUR5LXN1cEtREAE,I'am A,5,"เป็นอาหารสไตส์เกาหลี อร่อยมากค่ะ ชอบ ชอบ
พวกเมนูที่เป็น cooking กับเตา จะมีพนักงานบริการมาทำให้ที่โต๊ะ ถือว่าสะดวกดีค่ะ เรานั่งทานนั่งเม้าท์กันไปสบายเลย ราคาแอบสูงนิดนึง แต่ก็ขึ้นอยู่กับเมนูที่สั่งด้วยนะคะ ถ้ารวมๆแล้วก็ถือว่าฟินเลยค่ะ ราคาสูงหน่อยแต่ไม่ได้มาก แลกกับได้ทานอาหารอร่อยๆก็ดีต่อใจเป็นที่สุด"
ChZDSUhNMG9nS0VJQ0FnSURCNDVYM1dREAE,Denny Koh,4,"A rather efficient korean bbq restaurant, it has a wide variety of meats to choose from ranging from pork belly to beef and all the way up to A5 wagyu.

I ordered the thai wagyu, brisket and A5 japanese wagyu, along with some other korean dishes.

While i enjoyed myself, i find that the beef that came in were of very small portions and also there was no choice of non marinated? Or maybe i could have but didnt opt for it. Either way i think it needs to have a choice given that certain beef cuts are somewhat more tasty as it is rather than heavily marinated.

The samjang, sauce for the meat are quite different from what im used to, it can be good or bad depending on individuals palate. For me, is not the original taste you will expect from authentic korean restaurants.

Overall, great service and rather good food. I spent about 168 usd for 3"
ChdDSUhNMG9nS0VJQ0FnSUMzb1lIeWpRRRAB,Pimlapat Wiwattakulchai,4,ทำเลร้านอยู่ที่สยาม สาขานี้เดินทางสดวกมาก อาหารอร่อยรสชาติดีแต่ราคาแรง พนักงานที่ร้านบริการปิ้ง บริการดีมาก ยกเว้นพนักงานผู้หญิง 1 คน ที่พูดไทยไม่ชัด ที่ยืนต้อนรับหน้าร้าน ไม่สนใจลูกค้า ถามเยอะหน่อยๆ ตอบไม่รู้ ด้วยน้ำเสียงเหวี่ยงๆ และไม่ค่อยสนใจลูกค้า น่าจะพนักงานใหม่ อายุน่าจะไม่เกิน25 เรื่องการบริการหมดดีแต่ยกเว้นคนนี้ค่ะ
Ci9DQUlRQUNvZENodHljRjlvT25sclVtaDFUVlJ1WW14ekxXNUtNVzVNVFRsclpIYxAB,Tom Mance,4,"We only came here as we were in a hurry and dived in the first restaurant we came across. Food and sauces were tasty, we didn't do the BBQ. Fried chicken was delicious and there was a buttery sauce which came with something which was really good. Service and atmosphere was quite unremarkable."
ChdDSUhNMG9nS0VJQ0FnSUNteDVhZi1RRRAB,W Themim,5,"อาหารอร่อย โดยเฉพาะปู(ทะเล)ดอง สดหวาน อร่อยสมราคา เมนูอื่นๆ ไม่ผิดหวัง
พนักงานดูแลเฉพาะโต๊ะ น่ารักใส่ใจดีมาก(เลยทิปหนัก)
ต้องไปอีกค่ะ (คนชอบปู)"
ChZDSUhNMG9nS0VJQ0FnSURQbnJ1Zkt3EAE,Pine,4,อาหารอร่อย คุณภาพดี สะอาด บริการดี  น้ำจิ้มแซ่บ พนักงานย่างให้ทุกโต๊ะ ลูกค้าเข้าร้านตลอด
ChZDSUhNMG9nS0VJQ0FnSUNpZ0k2cklBEAE,Here and There by Cher,5,"Nice to meet you ร้านนี้เป็นร้านอาหารเกาหลีปิ้งย่างแบบพรีเมียม เหมาะกับมาเป็นหมู่คณะ เพื่อนฝูงเม้ามอยกอนกันอย่างเมามัน ปิ้งไปคุยไป ย่างเองบ้าง ให้พนักงานย่างบ้าง มีหมู เนื้อ ซีฟู้ด ครบครันมากค่ะ เมนูแน่น ราคาก็แน่นๆ 555 มาร้ายปิ้งย่างคือ ต้องยอมรับนะคะ หัว ตัวเหม็นแน่นอนค่ะ เมนูเด็ดอีกอย่างคือ ปูจานนี้เลยค่ะ แซ่บมากค่ะ ฟินตอนแบ่งกันสุดๆ 😂 คอเกาหลีปิ้งย่างต้องไม่พลาดนะคะ ร้านอยู่สยามเดินทางสะดวก ร้านเป็นตึกแถวไม่ใหญ่มาก ถ้ามาหลายคน แนะนำโทรจองก่อนจะดีกว่านะคะ เพราะโต๊ะอาจจะเต็มได้ค่ะ ย้ำอีกครั้งนะคะว่าพรีเมี่ยมจริงๆ ถ้ากินเนื้ออย่างดีด้วยก็มีนะคะ กินประมาณ 10 คน ตกมื้อนี้ 15000 ค่ะ

อย่าเพิ่งตกใจนะคะ เพื่อนเรากินจุค่ะบังเอิญว่าราคาคิดเป็นจานๆ ไม่ได้เป็น Buffet น่ะค่ะ เลยแพงหน่อยนะคะ แต่ของคุ้มราคาแน่นอนค่ะ

#yummycheri"
ChZDSUhNMG9nS0VJQ0FnSURrX29Pb1JnEAE,Chinnawat Supak,4,"ถึงจะเป็นร้านปิ้งย่าง แต่เมนูเด็ดที่นี่คือ ""ปูไข่ดอง"" แต่ก่อนอื่นขอพูดถึงเนื้อก่อน คุณภาพเนื้อสดไม่มีกลิ่น เนื้อให้ขนาดพอดีไม่เยอะ มีบริการย่างให้ด้วยไม่ต้องย่างเอง น้ำจิ้มมีทานเยอะแบบ กิจจิเติมได้เรื่อยๆ(แต่ขอบอกเลยว่ากิมจิรสชาติจัดจ้าน ทานเล่นลำบากนะครับ ผมลองมาแล้วเติมไปสามครั้งแสบท้องเลยทีเดียว) มาถึงเมนูเด็ดของเรากัน ปูไข่ดอง จะมีให้เลือกดองน้ำปลากับดองซีอิ้ว ชอบแบบไหนสั่งได้เลยครับ แต่ที่ผมสั่งคือซีอิ้ว จะไม่เค็มโดด และไม่มีกลิ่นมาก ไข่ให้มาคือเยิ้มมากมันมาก คลุกกับข้าวญี่ปุ่นร้อนๆคือฟินมากจริงๆ เนื้อปูหวานมากและเนื้อเยอะมากๆ คือทานง่านด้วย ใครที่ชอบปูดองล่ะก็ที่นี่คือที่สุดของปูดองเลยก็ได้ ส่วนของราคาที่เราสั่ง2ตัวคือ 1050บาท(วันที่27/06/2562) ราคากลางๆค่อนข้างสูง(สำหรับเรา) แต่คุณภาพ สมราคาจริงๆครับ"
Ci9DQUlRQUNvZENodHljRjlvT2toWFVVWlllRGRGVVVGdlJFeEdVV1JRY1ZkM1QwRRAB,Thv Bts,1,พนักงานบริการลุ้นหวย?? มีแมลงสาบ2ตังไต่อยู่บนโต๊ะ ห่วยมากพอเทียบกับราคาที่ต้องจ่าย
Ci9DQUlRQUNvZENodHljRjlvT2xWTFRYWklZbEpuWkRKaVduQlRjVXRqWXpONlFVRRAB,I’m Similan,1,สั่งเมนูกุ้งดองซีอิ๋วเกาหลี ปกติทานที่ไหนก็ไม่เคยได้กลิ่นคาว มาทานของที่นี่ ทานแล้วรู้สึกคาวมากๆค่ะ ทานต่อไม่ไหว เหม็นกลิ่นกุ้งแรงมาก ผิดหวังค่ะ เพราะราคาแอบแรง
ChdDSUhNMG9nS0VJQ0FnSUQtNnVUUGxBRRAB,Rio Wang,5,"nice two Meat u, needs no introduction at all in Bangkok. Everything is good, from service to meat quality, except the price 😅 Never tried Doshirak, in last photo, till that moment. And I really enjoyed it although I almost ate it like a 'Khaw Lad Gang' Cai Peng style, didn't know it was supposed to be mixed and shaked around before eating.

Thailand has no shortage of Korean cuisine these days, there are Korean restaurants all over at every price tier and many Sois, not just within the city center and Korea Town."
ChdDSUhNMG9nS0VJQ0FnSUNPek9mVjh3RRAB,Akat Kittiwarachet,4,ราคาแรงอยู่ รสชาติจัดจ้าน เมนูเนื้อมีพนักงานมาย่างและตัดให้ ปูดูน่ากินดีแต่ไม่ได้กินเพราะส่วนตัวกลัวจะแพ้ให้เพื่อนๆกินไป
ChZDSUhNMG9nS0VJQ0FnSUNweTRyMU9BEAE,อรอนงค์ เกียรติธนานุพงศ์,1,"เตือนภัย❗
เปิดประสบการณ์การกิน Nice two meat u สาขา Emquartier ครั้งแรกก็ประทับใจเลยไม่มีลืม ไม่ว่าจะเป็นไข่แมลงสาบที่นอนอวบอ้วนในน้ำจิ้ม หรือลูกแมลงสาบที่ฟักออกมาแล้ว สะอาดถูกใจอนามัยถูกลืมมากๆ
แจ้งพนักงานพนักงานไม่ขอโทษ หรือไม่พูดอะไรเลย เดินมาหยิบไปทิ้ง แล้วหยิบมาให้ใหม่โดยที่ไม่มีการรีเชคอะไรเลย
จะกินอาหารที่ต้องต้องระวังสังเกตกันดีๆ *รับผิดชอบผู้บริโภคหน่อยนะคะ"
ChZDSUhNMG9nS0VJQ0FnSUQ5NkxQWkZBEAE,Rachit Chairat,5,"Nice too meet you หมูย่างเกาหลี รสชาติดี มีคนมาปิ้งให้ ย่างกำลังดี ซุปกิมจิ จับแชดีมากๆ ราเมนยอน ดีต่อใจ

#Eatanywhere #Nicttomeetyou"
ChdDSUhNMG9nS0VJQ0FnSUNQbk0zQ3VBRRAB,OTIME REViEW,5,รสชาติอร่อย มีน้องพนักงานมาย่างให้กินสบาย
ChdDSUhNMG9nS0VJQ0FnSUN1NWNDX21RRRAB,Jutaporn J.,5,อร่อยค่ะ พนักงานบริการดีมากก ราคาค่อนข้างสูงหน่อยนะคะ เป็น a la carte ต่อจาน มือนี้ทาน 2 คนหมดไป 1400++ มี Vat /service charge
ChdDSUhNMG9nS0VJQ0FnSURQamN5VHRnRRAB,Brian Taylor,5,Very high quality meat.  The staff did all the cooking.  Ordered a meat preset and it was plenty of food. Ordered the Waygu and it was melt in your mouth good.
ChZDSUhNMG9nS0VJQ0FnSUQyeS1XUVpREAE,Elly Ang,4,"Recommended : Kimchi soup, Kimchi fried rice, BBQ pork and beef.
Serve variety of sauce. Especially garlic and chilli with special sauce. 👍
Customer services : 👍
Price: a bit pricy but equal to the service and taste of food. 😋"
ChZDSUhNMG9nS0VJQ0FnSURXX01TSU9BEAE,Nunthaporn K,3,เป็นร้านปิ้งย่างที่อร่อย น้ำจิ้มรสชาติดี แนะนำเมนูหมูสามชั้น แต่ราคาค่อนข้างสูงถึงสูงมาก หลังๆ ไปกินรู้สึกอาหารในเมนูราคาสูงมาก รู้สึกไม่คุ้มราคา
ChZDSUhNMG9nS0VJQ0FnSUN3OHZhSEh3EAE,Yingluck Thongpenyai,3,"I went there on Sunday night ard 7pm and there was no que, the staff is very nice and polite. Choices of meat are limited but tasty. The price is quite high compared to quality of meat but not surprise since its location. The restaurant itself quite small we have to share table with the other two customers (we had 3 people)
Btw it was a pleasant meal for the three of us"
ChdDSUhNMG9nS0VJQ0FnSUNReE95RHp3RRAB,Panghom Jaa,2,ร้านอาหารเกาหลีใจกลางเมือง ภายในร้านค่อนข้างแคบ ส่วนราคานั้นสูงเมื่อเทียบกับปริมาณอาหาร แต่รสชาติดี มีลูกค้าแน่นร้านตลอด ถ้าสั่งเมนูปิ้งย่างจะมีพนักงานมาบริการปิ้งให้ถึงโต๊ะ สำหรับใครที่กลัวหัวเหม็นก็จะมีหมวกคลุมผมให้ใส่ด้วย
ChZDSUhNMG9nS0VJQ0FnSURJajl1OEd3EAE,นายวิชาญ อ่อนช้อยสกุล,3,รสชาติอร่อย ใช้หมูเกรดมาตรฐาน บริการดี เพลงเน้นเหมือนในผับ รีบกินรีบไป ราคาต้องบอกเลยว่า โคตรแพง ไปสามคนหมด 2500 บาท
ChdDSUhNMG9nS0VJQ0FnSUN4bzUtVjNBRRAB,Sarunya Khotchasanee,5,แนะนำปูไข่ดอง ราคาเหมาะสมกับคุณภาพของอาหารที่ได้ กุ้งดองก็คืออร่อยสุดๆ ที่สำคัญสั่ง 3 ชั้นย่างคือที่สุด 🩵
ChZDSUhNMG9nS0VJQ0FnSUNlMDhUN0J3EAE,Kiettisak Sudsawang,4,Located in Siam Square Soi3. 3 mins walk from BTS Siam station. Taste is good but price is high than other Korea restaurant. Service is basic. Staff cannot speak Thai well. Please confirm your order before they leave.
ChZDSUhNMG9nS0VJQ0FnSUNSLWRlRVp3EAE,Phimkae Tulyasita,4,พนักงานดูแลดี ปิ้งย่างให้กำลังดี แต่เหมือนภาษาไทยไม่ค่อยเก่ง คุณภาพเนื้อ หมูดีค่ะ
Ci9DQUlRQUNvZENodHljRjlvT2prdGNWOU1hMFYwUjFkelJVNWhXWFJwWVRKdlpYYxAB,juanxiu xu,1,อาหารไม่อร่อย ไม่อร่อยทุกอย่าง พนักงานส่วนใหญ่ไม่ใช่คนไทย พูดไทยไม่ชัด พนักงานเยอะกว่าลูกค้า แพงโครตไม่คุ้ม
ChdDSUhNMG9nS0VJQ0FnSUNRcGFlZ3lRRRAB,Siamcaffeine company,4,"Nice to meet you
ปิ้งย่างสไตน์เกาหลี

รสชาติ และหน้าตา อยู่ในเกรณ์ดี ควรลอง และไปซ้ำ
ให้คะแนนเรื่องพนักงาน ที่ใส่ใจลูกค้าได้ดีมาก สุภาพ ใช้คำพูดและการกระทำที่สื่อให้เห็นถึงการให้บริการที่เหมาะสม

เมนูข้าวกล่อง จัดออกมาสวยน่าทาน
พนง.ถามก่อนว่าถ่ายรูปไหมคะ เมื่อเราถ่ายรูปเสร็จก็นำไปคลุกให้เรียบร้อย ทำให้ทานได้ง่ายคะ

พนง.สามารถให้คำแนะนำการเลือกหมูและเนื้อได้คะ

ราคาไม่สูงมาก"
ChdDSUhNMG9nS0VJQ0FnSUNwOHE2NGhnRRAB,Ayuth Mangmesap,5,"ร้านอาหารสไตล์ปิ้งย่างเกาหลี มีหลายเมนูให้เลือกแต่หลัก ๆ จะเป็นหมูย่างทานคู่กับผักและเครื่องเคียงต่าง ๆ นอกจากตัวเนื้อย่างยังมีอาหารที่อร่อยไม่แพ้กันพวกซุปกิมจิ มันบดอบชีส หรือซีฟู๊ดดองต่าง ๆ
.
ร้านตั้งอยู่ในสยามสแควร์หรือสามารถเดินลงมาได้ถ้ามาโดยรถโดยสารธารณา"
ChdDSUhNMG9nS0VJQ0FnSURJMTlXUWtBRRAB,SD Surakit,4,Korean BBQ pork. Delicious but high price. Long queue on Fri evening. They will cook for you at table until its ready to eat.
ChdDSUhNMG9nS0VJQ0FnSUNmbzVIcy1nRRAB,Jam Jam,1,ชุด Happy Pork Set สาขาสยามสแควร์ไม่ขายวันหยุดวันนักขัตฤกษ์แล้วมีเมนูไว้ทำไม สาขาอื่นขาย สาขานี้ไม่ขาย ไม่มีคำตอบไม่มีเหตุผล ไม่มีประกาศใดๆ เสียเวลา
ChdDSUhNMG9nS0VJQ0FnSUNvaTkzai13RRAB,Sumol,4,BBQ pork here is similar to the restaurant in Korea. There are three kinds of pork you can grill. The staff serves you for grill service so it is comfortable for you to just eat. Space is limit so you can not relax much.
ChZDSUhNMG9nS0VJQ0FnSUQteWRMRVRBEAE,Nopporn JIRA (Gan),4,แต่งร้านสวยมากๆ ชอบ บริการก็ดี พนักงานย่างให้ทุกโต๊ะ อาหารก็อร่อย หอยแครงดองแซ่บ เผ็ดมากๆ ขอเตือน
ChdDSUhNMG9nS0VJQ0FnSURNbU5MSm1RRRAB,zOm aZy,4,หมูย่างอร่อยมาก โดยเฉพาะสามชั้น ย่างมาแบบกรอบๆ ไม่เลี่ยน น้ำจิ้มก็อร่อย พนักงานบริการดี
ChZDSUhNMG9nS0VJQ0FnSUMxN3NMbGR3EAE,john micklewright,5,The food was amazing with equally great service. They carefully cooked the meat at the table with such care and perfection. Generally I enjoy cooking bbq myself but this was a great experience! I would go back any time and definitely recommend trying it out! It's been my favorite dinning experience during this vacation.
ChZDSUhNMG9nS0VJQ0FnSURpM0xDSEV3EAE,Wattikorn Jira,5,"Really a good place to gather with friends chichatting even its not that private. Having a private room would be better for this restaurant. Foods are great, good service, they refill gimchi for me. Happyyy :)"
ChZDSUhNMG9nS0VJQ0FnSURPd2NIcFNnEAE,Jutamas R,4,ร้านปิ้งย่างสไตล์เกาหลี พนักงานบริการย่างให้ ร้านค่อนข้างเล็ก มี 2 ชั้น อาหารอร่อย ราคาไม่แพงมาก
ChdDSUhNMG9nS0VJQ0FnSURMbEtmMGlBRRAB,Sampa Sampa,5,"On my first visit to Siam Square, I found myself wandering around Soi 3, taking in the sights and sounds of the bustling area. Suddenly, I was stopped in my tracks by the enormous, eye-catching signage of a place called Nice 2 Meat U. It was impossible to miss, and it practically beckoned me to come inside.

The moment I stepped inside, I knew I had made the right choice. The atmosphere was lively and inviting, buzzing with the excitement of diners enjoying their meals. The decor was modern yet cozy, creating the perfect setting for a BBQ feast.

Being a fan of Korean BBQ, I decided to go for the Pork BBQ. The service was impressively quick, and before I knew it, I was grilling juicy, marinated pork slices right at my table. The meat was tender and packed with flavor, each bite better than the last. The whole experience was incredibly refreshing, and to top it all off, I washed it down with some ice-cold sodas. It was the perfect complement to the sizzling, savory BBQ.

If you're ever in Siam Square, especially around Soi 3, you absolutely must check out Nice 2 Meat U. It's not just the massive signage that draws you in, but the fantastic food and quick, friendly service that will keep you coming back. My spontaneous decision to step inside turned out to be one of the best dining experiences I've had in the area. I highly recommend it for anyone craving delicious Korean BBQ. You won't be disappointed!"
Ci9DQUlRQUNvZENodHljRjlvT210WWNWOWpVbGxTYzB4a2NtZGhkakU1Yld0YU4xRRAB,JASON BOURNE CIA,5,อร่อยทุกครั้งที่กิน โอคหมด ทุกอย่างเลย
ChdDSUhNMG9nS0VJQ0FnSUN1bGEtWjBRRRAB,Tann,5,"Charcoal grill pork belly  So good!! All  Staff are great service,too many choices for choosing food.Good quality of ingredients.Kimchi So good tasting."
ChZDSUhNMG9nS0VJQ0FnSURZeTdPZlF3EAE,Kwan,4,The Nice Two Meat U restaurant is located in Siam. A crab meat is fresh and delicious food taste.  The roast beef is the Korean style.  The staff provide good service and they will grill beef for customers.
ChZDSUhNMG9nS0VJQ0FnSUNZd1pHVUpREAE,Arnon Pok,4,น้องบริการดีมาก น้ำพร่องเติมให้ตลอด อาหารรสชาติโอเค ราคาสูงเปนไปตามพิกัด zone แหล่งที่ตั้ง
ChdDSUhNMG9nS0VJQ0FnSUNLdnZmOC1nRRAB,NWD,4,"อร่อยแหละ รสชาติดี
แต่ราคาแรงมากค่าที่แพงแหละ
แลกมาด้วยได้วัตถุดิบดีที่มาพร้อมกับสูตรเฉพาะจากเกาหลี
ร้านเคลมว่าทุกคนจะได้ทานปิ้งย่างแบบต้นตำรับเกาหลีในไทยได้
โดยไม่ต้องบินไปทานที่ต่างประเทศ
กำไรน่าจะเยอะแยะ ปรุงรสชาติได้ถูกปาก
กลมกล่อมไม่หนักไปที่ไหน ร้านคนไม่เยอะตกแต่งน่ารักร้านมีทั้งหมดสองชั้น ตกแต่งโดยยึดตามต้นฉบับแบบเกาหลี แต่จะแตกต่างตรงที่ที่ร้านมีเตาปิ้งย่างและกระทะแยกส่วนกัน ส่วนที่เกาหลีจะมีแค่กระทะอย่างเดียว ส่วนใครที่กลัวว่าเสื้อผ้าจะติดกลิ่นควันก็เบาใจได้เลย เพราะที่นี่มีหมวกให้คลุมพร้อมทั้งเครื่องดูดควันที่ช่วยลดควันจากเตาปิ้งย่าง"
ChZDSUhNMG9nS0VJQ0FnSURJeXRtZkJBEAE,Joicy Couture,3,พนักงานบริการดี เมนูปิ้งย่างที่หมักซอสมาด้วยอร่อย หมูสามชั้นรสชาติธรรมดาค่ะ
ChZDSUhNMG9nS0VJQ0FnSURBZ0xMY1lnEAE,Mam Jittipat,3,Not impressive. Quite high price. Its taste is normal. No free veggie like other Korean restaurant in Sukhumvit area.
ChZDSUhNMG9nS0VJQ0FnSUNzdDZta1JnEAE,"丘秋光, Tavesak, タウィーサク (ทวีศักดิ์)",5,ชอบอาหารแบบเกาหลี เบียร์หลายแบบ  บรรยากาศสบายๆ อยู่ใจกลางเมือง ชั้น 3 มีเปิดห้องรับรองพร้อมคาราโอเกะ 30 คน แบบส่วนตัว
ChZDSUhNMG9nS0VJQ0FnSUN3cS1hWmVBEAE,Orn-usa Chungyingruangroong,4,"I love the smoke bbq pork, the best so far. Crab is very fresh but a little bit pricy. The service is ver good well trained staff."
ChZDSUhNMG9nS0VJQ0FnSURNa2R2RUV3EAE,Dang Hien,5,"It was Sunday and we had to wait, but it’s very organized. I’d better to go 3-4 people and can try BBQ, crab... I was alone and only tried this crab, highly recommends this one 👍 …"
ChdDSUhNMG9nS0VJQ0FnSUNwNjl5ejh3RRAB,Maie Chubbie,4,สุดของที่นี่ยกให้ปูดองค่ะ แต่บรรยากาศร้านสาขานี้ค่อนข้างแออัดหน่อย ใครไม่ชอบความวุ่นวายไป CTW จะสบายกว่าค่ะ
ChdDSUhNMG9nS0VJQ0FnSUN3X3JpVWdnRRAB,Sammy Samita,5,"Thought many claim that this place is pricey, but I do think that its worth it, due to its quality of meat. Personally I loved smoked pork belly wraped in lettuce and special Korean sauces to dip with. Also this place has by far the best Kimchi soup (for me). Very recommended."
ChZDSUhNMG9nS0VJQ0FnSUN1bC1pWGJBEAE,Tarn Pailin,5,"หมูสามชั้นร้านนี้อร่อยมากๆ กินคู่กับโซจูคือดีที่สุด มีบริการย่างและเสริฟหน้าเตาแค่รอกินอย่างเดียว น้ำจิ้มรสกลมกล่อมกินคู่เครื่องเคียง อย่างกิมจู ผักดอกคืออร่อยมากๆ

ข้อแนะนำ
- ควรจองโต๊ะไปก่อน
- วัตถุดิบดีแต่ราคาก็ค่อนข้างสูงเช่นกัน"
ChZDSUhNMG9nS0VJQ0FnSUNDLWJYWUFnEAE,Nichii D,4,ร้านปิ้งย่างสไตล์เกาหลีในซอยสยามสแควร์ 3 ติดกับร้านชานมไข่มุกชื่อดัง ร้านมีขนาดเล็กแค่ 1 ห้องแถว มีโต๊ะนั่งทานจุได้ 4 คน ประมาณ 8-10 โต๊ะ ในร้านอัดแน่นไปด้วยพนักงานเสิร์ฟ แต่ละโต๊ะจะมีพนักงานประจำที่คอยจัดเตรียมปิ้งย่างให้เสร็จสรรพตั้งแต่ต้นจนจบ ส่วนเครื่องคุณภาพของเนื้อดีมาก ไม่เหนียวและตัวเนื้อซึบซับซอสที่หมักเข้าไป สามารถกินเนื้อโดยไม่ต้องจิ้มน้ำซอสใดๆเลย โดยรวมราคาค่อนข้างแพงเมื่อเทียบกับปริมาณที่ได้รับ ผักสดชุดละ 60 บาทโดยมีผักกออแกนิกส์และพริกใหญ่ น้ำเปล่าขวดละ 40 บาท ราคาเนื้อปิ้งจานเล็กๆ ราคาจานละ 200-300 บาท
ChZDSUhNMG9nS0VJQ0FnSUNJemJ1Z0VnEAE,Gumi ho,3,ราคาค่อนข้างแพง เมื่อเทียบปริมาณ แต่น้ำจิ้มอร่อยนะ การบริการดี สถานที่แคบไปหน่อย ปูไข่ดองจะออกแข็งๆ (ฟีตแข็ง) ก็เครนะ
ChdDSUhNMG9nS0VJQ0FnSUNLOTZHd253RRAB,Mirei,4,"ปูดองดีมากค่ะ
แต่เตาสาจานี้ช้ามากกกก
ไปสาขาcentral world เตาจะไวกว่ามากค่ะ
แต่อร่อยเหมือนกัน"
ChdDSUhNMG9nS0VJQ0FnSURJM3A2N3d3RRAB,Nutthida Kiim,4,"- Fresh meats
- Overall foods are tasty, but spicy
- You can order ‘Fire Tiger Bubble Milk Tea’ (next store)
- You should try ‘Pu Dong’ (Pickled crab eggs)"
ChdDSUhNMG9nS0VJQ0FnSUNJN2V5VF93RRAB,jigkee thitinunchayakorn,4,พนง.ใส่ใจและให้บริการดี หมูย่างปลาร้า อร่อย น้ำจิ้มปลาร้าเผ็ดดี ปูดองเฉยๆค่ะ รวมๆแล้วใช้ได้
ChdDSUhNMG9nS0VJQ0FnSURZcXJ2NDh3RRAB,PP,3,"good service, hot tasty kimchi jjigae, yummy beef but too pricey..not worth it especially for the pickled egg crab"
ChdDSUhNMG9nS0VJQ0FnSUNRbGZDNW9RRRAB,George Kafetzis,3,The food was nice. The service was good but having someone to bake and chop your food as he likes is quite stressful. It a nice place if you want a quick Korean bbq in the mall area
ChdDSUhNMG9nS0VKZnZvWnZVanJ5d3NnRRAB,Sirithana K,2,พนักงานปิ้งไม่ดี เหมือนจะให้รีบๆ กินแล้วรีบๆ ออก หมูยังย่างไม่ได้แบบที่ชอบจะยัดเหยียดต้องรีบกิน พอย่างเนื้อก็สุกเกินไปกินแล้วเหนียวไม่ถามว่าชอบแบบไหนแบบนี้ให้ปิ้งย่างเองดีกว่าไม่ต้องให้มาย่างให้หรอกเหมือนจะรีบไล่ให้รีบลุก ผักที่เสียเงินสั่งเพิ่มก็มาแบบเหี่ยวๆ แถมได้น้อย ไม่เหมือนคนดังมากินหรืออินฟลูมารีวิว จะอีกแบบ เอามาวางบนโต๊ะให้ดูเว่อร์วัง ของในเชนเจ้านี้เป็นแบบนี้หมดเน้นการตลาดกับคนดังคนธรรมดามากินก็อีกแบบ
ChdDSUhNMG9nS0VJQ0FnSUNtOGUtcV9nRRAB,Nasha Panyaprasert,4,อาหารอร่อย .. พนักงานบริการดีมากๆค่ะ  แต่ร้านเล็กไปหน่อย
ChdDSUhNMG9nS0VJQ0FnSUNDc3NhRmpBRRAB,vimonsiri janjaem,5,อาหารอร่อย บริการดี ปูดองเกาหลีอร่อย หมูหมักซอสอร่อย เป็นอาหารเกาหลีรสจัดจ้านมาก
ChdDSUhNMG9nS0VJQ0FnSURRbEp5bG13RRAB,ครองเมือง รสชื่น,5,อร่อยมากครับ ถึงราคาจะหนักไปนิด แต่ยังไหวอยู่ พนักงานบริการดีมากๆครับ สุภาพ เป็นกันเอง คุ้มค่ากับราคาครับ
ChdDSUhNMG9nS0VJQ0FnSURVOXEtRXdBRRAB,Para Klongpayabal,4,สามชั้นย่างเกาหลีกูไข่ดองอร่อยมากวัตถุดิบดีบริการดีบรรยากาศดี มีเมนูให้เลือก
ChdDSUhNMG9nS0VJQ0FnSUQwcnBMLV9RRRAB,รติ ว่องชาญกิจ,5,ปูไข่ดองซือิ๊วอร่อยนัวๆ ปิ้งย่างมีพนง.มาทำให้เสร็จ
ChZDSUhNMG9nS0VJQ0FnSUMxeW9YUUhnEAE,Ploypigz Channel,5,ดีครับ เมนูในรูปผมสั่งทุกครั้งเพราะอร่อยจริง
ChdDSUhNMG9nS0VJQ0FnSURMdXQzSHpRRRAB,P. K.,3,Unreasonable price. Salty every plate. Meat quality out of proportion with prices.
ChdDSUhNMG9nS0VJQ0FnSUNZeU5EcHh3RRAB,Milk Station,5,แพงจิง แต่ก้ออร่อยจิงเช่นกันค่ะ มาทุกครั้งก้อสั่งปูดองทุกครั้ง ประทับใจทุกครั้ง 😍😍
ChZDSUhNMG9nS0VJQ0FnSURDNGVmME13EAE,Sha U,4,Food and service was good. Staff was very attentive. Only the seatings were not comfy due to limited space.
ChZDSUhNMG9nS0VJQ0FnSUNzeUpMUkdBEAE,Chubby Sheep,3,Pork grilled Korean style. Almost everything is spicy than usual. Price is quite high. Lots of staffs to service.
ChZDSUhNMG9nS0VJQ0FnSUNZNnJia1FnEAE,Paweena Pemayont Bihari,5,"Have service by table, staff will help you grills and arrange the table for you if you did ordered a lot like us."
ChZDSUhNMG9nS0VJQ0FnSUNPNUtLQ2FnEAE,Kae Ph.,4,Good Korean restaurant 😋 อาหารอร่อย แต่แอบราคาแรงไปนี้ดส์ 😅 …
ChdDSUhNMG9nS0VJQ0FnSURDNEpTNXlRRRAB,Dave Hutmacher,4,New to Korean food; what we picked was very spicy - but nice. Great service too.
ChdDSUhNMG9nS0VJQ0FnSUNBeEphTmxRRRAB,Chutima Tantakasem,5,Korean bbq that reminded me of Seoul. A bit expensive but fulfilling. Good quality pork. The kimchi soup is also nice.
ChZDSUhNMG9nS0VJQ0FnSUNfLWZ6SkxnEAE,Fern S.,3,เราว่าอาหารแพงมากเมื่อเทียบกับราคา สั่งไม่กี่อย่างกินแค่สองคน รามยอนแห้ง 180฿ ใส่ไข่ครึ่งฟอง หมูสไลด์หั่นมาบางๆ 359฿ ซุปกิมจินึกว่าจะได้สามชั้นแบบเปื่อยเต็มคำ แต่ได้สามชั้นบางๆ ลมเป่าก็ปลิวแล้วแถมมันเยอะมาก ทุกอย่างคือแพงและได้น้อย รสชาติและบริการดีมีคนปิ้งให้ ส่วนตัวคืออร่อยแต่ครั้งเดียวพอค่ะ ไม่คุ้ม
ChdDSUhNMG9nS0VJQ0FnSUNRcTlQVy1nRRAB,Krittiyanee Suriyachan,3,"อาหารรสชาติดี น้ำจิ้มดี บริการดี แต่ให้คะแนนสามดาวเพราะราคาแรง หากเทียบกับปริมาณอาหาร ไปกินสองคน สั่งปกติ มีหมู 2 อย่าง เนื้อ 1 อย่าง ซุป 1 อย่าง ข้าว 2 ถ้วย ผัก 1 ที่ น้ำอัดลม 1 น้ำเปล่า 1 ไม่มีปูดอง จ่ายไปตกหัวละ 8xx฿ แต่ถ้าคนชอบกินปูดองเกาหลีก็สามารถสั่งแต่ปูมากินกับข้าวได้ ไม่ต้องเปิดเตาย่าง ปูม้าจานละ 7xx฿ ปูทะเลจานละ 1,0xx฿ ก็สมกับราคา"
ChdDSUhNMG9nS0VJQ0FnSUQtX0tQZTVBRRAB,Tara Chang,5,"The food is good, even it's not that Korea taste, it's still good."
Ci9DQUlRQUNvZENodHljRjlvT21sUU5HMHhhR0p0TTFrMGJraE9WMHhqYlZaMWJVRRAB,JJ,1,มาตรฐานตกลงไปเยอะถ้าเทียบกับแต่ก่อน โดยเฉพาะการบริการ ค่อนไปทางแย่ค่ะ
ChZDSUhNMG9nS0VJQ0FnSUNlN2JMSmVREAE,Darby Mullis,5,"Personal service, high quality cuts, like a Brazilian steakhouse done Gundam Style. Delicious"
ChZDSUhNMG9nS0VJQ0FnSUQwOU1icWZBEAE,Chaiyot Ounsudkrong,3,บรรยากาศร้านอาจจะแน่นหนาไปหน่อยแต่พนักงานใส่ใจดีมาก รสชาติอร่อยแต่ราคาสูงไปหน่อย
ChZDSUhNMG9nS0VJQ0FnSUNLMXVMYUxREAE,Bro !,1,"+ Good Service , Friendly Staff.
-  Price are too Expensive. Photos in Menu are super different from reality.
ex. 1 Can of Coke is THB 55 + Service Charge.   Meat Quality are average but size are small and not big as in photo.  For 3 persons are cost THB 3136 T T"
ChdDSUhNMG9nS0VPX1lndDZHMHZYdHVBRRAB,Michael McEwen,1,The most overpriced Korean bbq I’ve ever had. 3600 baht for a few meats and the egg + 3 rices. So many better options
ChdDSUhNMG9nS0VJQ0FnSURoaS1McWt3RRAB,Marie Patty,4,ปูยังเป็นน้ำแข็งอยู่เลย  แต่รสชาติอร่อย ร้านเล็กไปนิด
ChdDSUhNMG9nS0VJQ0FnSUNta1BpMnJnRRAB,Esmond Tan,2,Food and service is good. Portion is small and price is expensive. I think there are other value for money Korean bbq to visit.
ChRDSUhNMG9nS0VJQ0FnSURZOUxZUxAB,Sirapong MetalcorePro,5,Ganjang gejang (crab preserved in soy sauce) is very yummy! The service is awesome. Highly recommended Korean restaurant.
ChZDSUhNMG9nS0VJQ0FnSURJeElpMFB3EAE,Jitpisut V,2,"-The staff are nice and well trained:) they will grill and cut the meat for you...such a good service
-meat is good but crab was fishy xO
- so expensive..too expensive!"
